1870
4945
593
3084
1821
1911
4393
619
4613
4614
473
1999
2922
4577
2293
1909
2355
1324
2660
1808
2474
988
2261
2818
3526
2620
968
4913
2942
4970
1226
4229
4844
234
2626
1173
4278
3672
4965
819
2946
3134
2826
2686
2447
3844
3469
1767
1556
504
1266
2622
1745
4687
3034
313
4762
837
3747
3306
3024
3030
4919
4527
2543
4928
4788
2159
1443
2762
4905
3795
3401
5116
1586
2710
4315
1625
392
874
3923
3563
2228
795
4854
1138
1338
4468
1723
3986
1153
960
4291
4729
662
476
3646
3180
3506
587
3110
855
66
2504
1879
4358
4380
1514
204
1122
3228
4406
718
2463
4304
141
1610
935
3475
435
3243
3374
450
350
3468
1224
118
4656
4659
3945
4882
4011
4987
3678
4530
2455
1979
3681
4749
535
4123
4111
1321
1998
3147
1567
2779
3377
3111
1876
3854
900
1734
2420
2843
272
427
4715
1178
1244
2547
4026
2060
704
311
4594
4943
4793
222
4838
1039
3215
4409
4634
1133
2726
2659
300
3684
1781
769
2699
1005
2331
72
2467
1174
4097
2345
3805
2325
4935
3439
1239
371
2956
4436
2676
1070
3443
4574
1412
5012
1779
4036
1217
3449
3976
415
349
3947
3386
4785
5010
2457
177
756
2240
882
4266
4325
784
401
4627
3750
3557
4639
540
3063
3196
838
1819
2675
667
502
4276
2976
2169
2758
1243
1816
3253
4352
866
18
2347
1076
2087
344
3279
44
1461
358
1788
4309
3521
1547
4121
4703
2880
802
4909
2604
4064
3709
2536
174
2322
1901
439
4706
2091
1340
1786
2951
5099
4379
4674
1040
2089
681
3547
248
2269
1776
304
1597
1400
1796
3165
3641
437
4425
856
4385
4137
4650
1230
1845
2137
1680
3634
3321
815
4780
2218
556
915
3839
3481
4733
2794
735
4841
2540
381
2903
4592
5096
1252
1803
2930
4342
2353
1468
2706
685
1179
2927
2241
2581
869
4262
1632
5064
2301
1041
456
599
1335
1820
1009
1666
2857
3840
2793
1206
542
4921
3349
766
2336
559
4881
1682
4744
4603
14
531
1926
4052
3098
4422
112
2592
2904
4494
2108
3920
956
2306
3091
40
4505
1875
188
2822
733
159
198
3719
4297
2288
3308
2496
1940
4805
1247
2996
3193
131
5034
1826
3650
1438
2860
1787
3293
2784
2005
1662
1064
3571
790
4224
4434
4922
2965
4413
2926
1391
32
4058
3865
4213
865
2072
2478
3909
69
1623
487
4526
3608
1454
1956
3601
4657
2143
4153
3831
479
3878
4009
1068
46
2303
2315
4986
1644
3421
1692
1486
241
3072
333
1013
4435
1447
2395
643
4062
4568
3271
420
3254
3328
4731
52
2631
3537
3827
4826
4403
1777
259
2029
5023
2674
2384
5079
4604
1115
1025
4801
2580
1378
947
897
4917
1880
3041
1429
2638
1143
1907
3680
3960
4495
4193
608
498
176
210
457
867
3200
3129
3975
3413
2729
4023
3892
2334
2417
1021
1707
1280
2413
3676
4529
3906
788
4967
863
1326
1315
2971
1341
2891
3456
2348
943
1379
2887
4258
3775
1694
3625
2914
3027
2964
4896
1348
2848
982
1665
4717
2785
2943
2259
2313
4551
2613
397
1046
2709
2007
1462
922
4162
2500
4718
3234
4208
2310
1509
92
4985
4633
260
90
4490
3639
4129
2126
2139
1881
3231
2318
2212
1181
4245
2865
3936
1124
1088
4013
2380
1456
3946
2184
2670
961
3596
2645
1268
2176
76
3834
3930
4671
4317
1585
3774
4060
65
4571
2170
581
3552
1861
4802
3152
5080
2894
3334
3094
3553
2586
3404
3356
153
628
265
2616
1809
4643
1735
4336
4886
4196
3793
2116
430
2837
4822
646
1936
423
604
2031
989
1352
4481
998
4754
697
2453
1007
2230
220
4583
2105
1604
2606
857
2898
1187
3847
2824
3845
1896
3179
2632
820
682
3727
3585
421
3613
3360
2724
380
194
3651
1275
2206
2812
3264
3677
877
2076
4637
1288
2036
1516
534
4272
3761
424
444
1891
1118
197
3842
3614
1414
431
4170
1010
1761
4116
16
4973
2097
275
2925
1650
645
3336
3347
3949
3784
4316
2583
97
246
2701
1615
1635
5042
3417
3642
2354
4421
3963
4858
1674
1126
2773
4378
933
2405
3440
483
1301
3539
215
3887
1165
2761
2539
4517
2764
1503
4102
1420
4506
4313
4103
2079
1981
1733
4459
1897
993
1284
585
4761
1521
1862
106
1922
3916
787
702
2075
5003
558
206
3282
2276
4289
2997
4362
2096
3425
3532
4035
875
1409
4248
4441
814
3242
2979
717
2470
3290
1104
1060
4695
83
3712
453
57
1497
1642
1970
2476
1740
4161
3252
1316
4853
1242
3487
3499
5053
2103
1713
4033
4110
2488
1606
2316
3544
2064
4396
4255
2806
940
301
1528
4770
804
3957
2262
4779
4078
4418
374
1350
708
3011
4819
3974
1915
2388
2209
2555
3637
4531
2440
481
356
4709
2273
422
668
2248
2574
50
2439
2521
2719
2477
4622
1533
1366
3893
4012
904
4086
850
4312
1769
3083
2098
1132
995
3870
334
2432
2786
3115
858
1711
4743
3955
1601
3749
1530
1928
4959
88
1238
4792
3850
1253
1360
3224
1393
4889
4827
783
138
2679
56
393
4864
4284
510
678
5009
5054
4244
2045
2002
973
3994
5112
720
2125
1822
2201
3208
2750
2594
305
5093
3131
2109
4054
2566
950
3467
9
1394
1977
4212
4916
770
791
2621
3249
1929
768
74
1802
2681
3522
4337
1827
2414
4996
1279
2479
2870
132
494
4773
3093
1264
3112
89
3590
2664
2472
4094
3542
5111
3119
2495
582
338
493
2338
2911
1354
3125
285
5028
3476
4664
561
1107
4559
1148
732
310
4784
1129
1989
3956
823
5027
603
2876
2389
2558
3000
2875
3623
1914
1626
2255
5014
2821
4414
1658
60
4373
447
3718
2802
3484
3056
1739
4903
3246
1482
763
1345
2287
4894
816
3097
4090
3792
4369
4400
647
2044
4925
1596
2145
3028
114
4851
4976
760
2150
3314
2673
764
3283
2391
1383
1337
3078
1043
553
752
2520
4691
1898
3311
4704
5085
745
199
1846
4516
4364
4747
5089
2698
135
4751
1863
1090
2907
1467
156
566
4712
3565
2587
5094
3528
1775
3018
743
2892
541
1255
2092
4031
1477
413
3738
2152
2491
2373
2668
49
4087
191
3764
1646
2396
4789
1160
4292
3029
4834
1659
4668
3943
2370
3631
4119
3197
939
2359
5090
3730
355
5058
1790
3581
2804
4961
4163
568
4686
5057
926
3092
660
3871
3505
406
4550
1474
1299
596
4799
886
1773
4347
2341
1172
2118
2962
2972
4480
1774
5002
4261
1837
2372
2553
3237
3044
4679
2829
714
4581
3323
1012
2589
4570
3768
3598
4043
1048
2233
2166
4519
4669
4164
622
3445
589
1309
1222
1491
1758
3519
1483
3717
1554
4456
2111
96
3619
3627
1152
848
3479
1023
5056
2295
1918
1419
4024
3395
3737
3263
4416
3873
478
4448
4719
4615
997
526
1256
4344
4885
2015
2513
4953
3181
2643
4508
3012
3710
1303
1374
2133
2718
3607
2445
2377
500
2519
1636
2375
1824
3286
3490
1614
569
2950
3937
2763
657
1204
2653
467
3064
3921
5008
1249
1131
4883
3365
1764
1939
140
2734
1532
3597
2195
3615
762
3156
1558
2365
236
2486
2869
3175
1527
2069
2909
237
705
1724
2856
4502
4843
3361
3145
2407
4735
2268
331
4184
3303
4723
99
709
3013
826
187
2932
5107
3363
1825
2565
1753
1973
4257
3543
1496
3272
3090
5114
2494
5051
4492
1627
346
2019
716
3697
1630
1439
4376
693
2712
854
3077
3020
1577
3983
4700
1308
2595
4239
1684
3406
2978
2200
3728
4727
3707
4786
2577
846
4708
1667
3772
2018
2381
1011
4957
121
4330
2509
893
1095
1953
4837
4076
3760
160
1742
2948
150
2022
54
3151
2910
3663
3766
3032
2309
5044
1748
3939
2186
2646
1307
4159
4130
912
4463
2490
2988
3911
2641
4682
1849
634
5102
3416
1766
606
4015
209
2429
2889
1410
3310
1029
521
3259
1362
4859
1526
2430
3366
1563
2080
1372
1613
2346
4236
3118
617
4720
1831
4417
3981
433
1192
1332
1027
2112
3267
3482
3178
1550
2444
3495
3442
2866
3121
4022
4554
1111
3143
4179
671
2743
1311
4030
1967
3203
3517
547
1278
2998
580
4467
1287
1171
3856
261
2861
1535
3977
3807
570
728
4476
2505
5122
1594
520
3454
2443
4605
3644
4993
3838
1755
4728
2502
4990
4764
3301
3812
4904
1334
232
3970
4738
1942
2835
2985
3735
4355
388
799
1768
1056
165
3724
612
1455
3820
1197
1976
212
1102
3407
1651
3978
611
4963
53
1988
4366
509
3548
972
4361
2535
1546
499
3273
316
3741
4533
377
4367
3722
1934
3602
3100
3227
3580
4739
884
862
4346
3185
2132
2528
4207
1022
1387
1371
1738
4096
1549
2635
640
4599
4557
2191
270
108
562
2970
1347
169
1522
1047
4479
4104
3759
3990
1163
2410
501
3498
5110
1116
2541
4509
4895
2312
2247
1580
4074
835
1958
4930
1120
1980
84
2483
2957
1417
3534
1001
3280
383
1677
3757
211
4167
3860
3991
1534
2765
710
2881
3450
3255
2833
1434
1885
3297
2473
11
3380
95
3135
4795
1941
5045
2328
489
3009
3430
4918
3877
3693
4939
3017
2392
2167
1449
4658
1716
4831
3379
3371
296
2704
3682
1617
1792
905
1559
879
4057
4645
1134
4280
2803
491
3573
1221
1219
62
2915
801
1282
2678
330
4666
1902
1186
312
4112
3694
4501
2893
911
391
328
3800
1344
1081
2008
1213
2499
4371
2291
3705
3410
544
4545
1200
3461
4186
741
2260
954
1440
4231
3723
3592
120
2181
460
155
2780
621
5076
1673
878
781
2656
2135
3338
1481
4964
2651
4001
4061
2051
180
2001
4808
213
484
477
4392
560
1946
3564
125
4491
5019
1783
3313
2776
5031
2358
2202
3570
3162
4321
3799
2493
824
4279
276
990
3183
4472
1877
4944
287
1762
1553
3773
3821
3137
4331
1868
3823
3048
3299
530
2788
2449
35
465
2608
2203
4810
1513
1162
405
327
2237
4165
1512
469
3367
1645
1815
1984
3209
3096
2582
3686
4260
1237
3188
4254
3341
2510
4765
4178
3212
5105
2327
731
1937
4588
4867
3922
1296
2916
880
3122
1763
2994
3473
1962
951
4929
538
1531
244
3411
4994
2028
3546
3917
3210
2351
4870
4310
4446
931
4238
2849
3138
623
130
3339
4259
3640
4105
2830
3843
1214
3540
2397
2953
3701
3530
4286
4552
226
2753
3432
1805
1422
3886
937
2368
5113
4332
3688
2032
2895
3767
2102
2908
1448
3284
496
1312
1020
3610
189
883
4940
2272
4724
280
3169
2995
4988
1305
3071
202
1972
4082
1198
5109
3655
1216
3460
2252
1109
1018
434
3948
4025
4152
4041
4524
2452
3248
4429
2062
2340
1927
485
1117
2538
811
1857
4209
605
903
4249
4625
3211
2104
1795
462
2185
3164
4210
293
3593
3251
249
1049
1281
3076
3797
1957
2501
1834
5084
1452
2562
3298
3514
2703
1329
4485
3982
2984
2183
4017
4606
3309
2265
1381
5087
4629
81
4474
1156
3257
2253
1108
3531
767
672
2223
2402
3412
2024
1035
2873
48
3578
3003
4444
4911
870
402
3591
3354
497
4927
843
1639
162
2560
2415
2781
3606
400
620
1368
4019
1612
1812
2100
4610
15
2737
3753
4125
529
4100
2157
5104
3216
2615
1770
2987
3551
2153
1660
3453
364
1649
3015
4776
3520
798
2039
490
2841
4368
3233
615
797
4541
2224
829
4071
1403
1396
271
3355
1562
2343
2141
3376
3796
4767
4034
3114
4295
4699
2629
1990
3223
3604
4065
2094
1689
223
240
4246
3685
2033
1234
2222
175
4281
3739
172
2600
3312
4696
1002
2068
207
2756
168
1087
3695
941
890
2921
1629
3174
148
1092
4438
2404
4151
5025
3577
4662
3289
2124
4226
1963
3778
2684
1886
2332
1127
849
3668
3191
1721
4098
5052
4690
3186
1236
2003
4933
257
1358
82
914
2827
4560
946
4328
679
1643
4251
2106
1624
1415
1304
242
2339
4010
4544
3005
3418
1799
4814
1681
597
142
1416
4327
2733
4223
2665
4197
789
4273
336
1991
100
2983
548
2850
4821
4038
1125
1182
337
4232
429
1389
3928
4852
2584
929
1353
208
4632
2437
2214
2711
3383
192
1904
803
3394
2093
2274
4018
2278
454
4353
1233
3464
4487
2084
3582
4042
1290
1157
1128
1437
962
4832
2981
3645
4618
1062
1489
4169
3327
64
1869
3375
4225
639
2049
2052
1067
1992
2083
1730
3420
2000
4039
4989
2939
4135
1841
1701
833
4195
5007
67
2693
3317
3881
3662
345
736
466
4460
410
4156
2596
1398
1705
757
1704
836
1026
999
2319
1223
5098
1430
4596
4537
3128
127
642
825
3671
4522
957
3057
2666
3105
3566
1785
4648
3661
418
1964
4562
341
1306
2858
4308
4109
3867
3910
4220
5026
2305
4083
1425
3075
4454
4992
3393
695
231
813
440
3126
3107
539
2900
224
5088
2427
2968
2687
4503
3934
419
1987
765
3330
1756
1866
2534
3035
1336
3343
577
8
1728
3250
4014
927
965
979
4580
3199
4582
3262
1599
4091
2588
5097
205
3612
2552
4680
3470
1771
5005
1051
1032
5119
2300
4692
3229
2783
1750
1718
314
699
3841
4027
632
4311
1900
166
442
4825
1006
2992
5072
2832
3725
5043
2030
1566
1229
4701
3691
4222
2897
3568
3144
1232
1485
322
3150
1727
2512
873
1277
4611
3751
2814
1961
1357
412
3858
2533
4203
1016
525
963
2831
1149
2363
1817
4848
2722
3649
4549
43
2886
3879
4256
2557
2314
4118
3046
2999
4593
2226
4370
2217
2524
945
2542
4269
4956
3703
841
3316
443
3944
1072
817
1947
2642
626
3194
4383
1487
3785
4595
1151
4640
4849
1265
2661
13
3549
182
2267
1442
4486
4458
3895
28
102
2282
58
517
3213
1463
1565
3006
4951
4620
4877
2602
677
394
2371
3599
4124
1295
2991
600
3340
2917
909
1661
1843
458
2662
3908
3079
3391
2872
4387
793
4969
2411
1974
2304
4694
2769
4654
2188
3636
133
958
4952
1294
2151
2844
124
4871
673
149
3239
4543
59
3771
3762
4823
4977
298
1270
4475
203
1054
4146
318
5068
1872
2591
3721
4753
3295
2736
68
1322
4350
1978
4053
3132
1833
2279
1607
1982
2114
2667
4892
2254
2270
3392
409
1473
1935
2599
665
4681
2257
3087
831
4547
2063
578
4685
3503
3065
5065
1
4428
2749
3558
4462
4318
2172
3874
948
1641
3512
3322
3715
4818
4564
4675
267
655
3364
33
527
550
2820
4092
2989
372
1968
1806
1139
3689
2808
1536
3088
2523
1457
3824
1460
252
1950
1492
4982
1993
1327
1687
631
2264
2434
471
3852
151
1411
1600
3988
2284
2376
944
3342
4066
4457
1466
2671
361
4713
455
1575
1479
1722
3648
1608
3885
902
1672
3437
1450
428
105
4397
446
2238
2406
2974
218
536
1397
2082
3095
3068
2130
1261
1065
898
3382
1441
4194
4806
4781
1283
4473
2748
1302
426
5066
4433
1071
3869
3828
173
3527
326
1423
297
4234
2462
1100
2330
3441
2246
1589
1685
139
3905
3207
775
5047
19
2525
3536
4270
3176
3673
692
34
4274
2855
4771
1986
2205
217
1959
3023
4389
2644
3500
2836
2717
2669
3265
3436
4641
2603
779
1502
2714
1655
2556
3714
2800
515
2107
1421
910
1852
656
782
4812
748
3743
4298
3731
602
6
3177
4247
3190
800
996
3140
3736
2578
1086
4206
2004
1390
959
924
1797
2454
1272
4906
2046
3830
3496
348
845
607
3559
2969
4937
1180
3833
4114
3876
661
616
864
1235
4334
2054
3769
2787
2382
4343
3535
1501
1495
4631
739
5013
2727
1590
4850
1375
1031
2210
4253
31
2633
1074
2707
5022
1063
1985
4798
4497
373
1818
1433
920
1952
1254
3912
5078
776
1854
4241
3198
1747
698
4539
2967
45
4016
3605
3195
868
2614
4237
876
2042
2423
952
2590
4357
4646
2623
4797
807
754
2356
1110
4591
219
3480
4136
4107
1676
5060
4375
3381
3236
3409
1669
3962
2912
2385
1211
2636
1359
669
4233
3086
3002
3652
991
1874
4469
1994
777
1839
4536
4471
3073
513
751
3329
1814
3961
737
4108
3972
126
4750
2853
2896
2721
3504
3277
1059
2879
251
1488
3985
5063
2162
3008
780
395
3611
376
3154
2086
3408
4741
416
1408
4349
4732
2364
4678
1445
1856
4748
2298
3859
1710
1285
4576
1889
4655
4824
3919
4227
73
2399
2751
3622
4983
2168
1480
2320
810
3726
4141
3019
3814
4384
1399
2700
934
352
128
5030
3698
2862
1640
2944
4235
3647
4608
4759
2627
4644
5036
1475
1515
722
906
4697
584
1555
3315
1310
4216
1789
4600
2192
1561
1373
1175
3287
2975
3950
1708
357
145
1404
601
2863
3269
3890
2954
1997
1323
3350
4133
983
3992
3825
4405
1427
2127
1370
3900
386
4173
2559
4431
2095
190
2244
3045
4439
4774
3352
694
3971
5086
3101
1137
1207
2239
830
3913
508
4359
2078
2554
2628
3170
2791
3010
4106
3448
3702
3999
3789
4791
4452
761
1605
2324
3816
2767
2149
21
1458
3153
3603
3302
4880
4322
1267
4073
5001
1465
750
758
1413
264
3883
309
4120
5032
221
4200
3818
4252
3933
3832
4782
170
4099
1176
332
1621
91
4874
1355
4157
3494
225
2308
2459
985
3155
749
3067
3993
1801
2816
1426
4647
1069
1638
4264
859
674
2366
55
4565
4804
2929
3318
2685
2905
4590
4411
1813
2732
2235
4836
687
4617
4176
3809
5035
4020
4271
2468
1688
1791
1464
4900
1703
4395
2055
2754
3488
967
1298
1570
4430
3103
2458
3567
101
1014
980
3051
970
1424
299
2307
4128
2398
1000
1028
4088
3861
932
41
4277
3665
2973
387
2790
923
4131
1406
161
936
2361
254
407
480
916
1652
551
1024
1490
4
2947
2958
3779
366
4787
4218
4300
436
2611
3594
4180
3060
3780
1529
42
724
2839
4778
2508
4575
4150
680
4201
1545
4950
1196
691
4667
3555
1245
1469
3968
1859
3898
2281
292
3776
1293
4730
492
4496
1807
4160
2067
3033
953
4616
2571
1376
3880
3853
1257
1905
4755
4991
24
3700
3148
3483
4561
2422
3965
103
4636
2901
4424
2937
1166
1664
1507
3629
2924
3875
3332
1679
2489
1695
1188
3385
1215
3403
1741
3245
1592
4931
4005
4445
689
1810
1670
3862
1853
2834
684
4879
343
2367
1106
4689
3989
464
2572
4535
1141
1780
786
3238
1318
2612
4081
1342
1955
2016
1365
543
2605
2446
3036
5015
4525
1066
1349
4172
2177
1932
3278
4143
4115
1696
729
4117
2934
1453
4926
994
1431
3508
2655
3039
2624
3811
3829
1582
949
1093
832
385
4484
1140
2819
3040
4954
1620
1631
4307
4705
4975
4878
4546
3222
1913
1506
1867
4597
3781
278
3987
4714
1865
3632
390
2492
3791
2766
4320
3835
463
4548
1772
4902
4051
978
1578
4635
404
4716
1444
230
2518
511
1823
4345
3914
4847
4140
2110
575
2993
3108
2286
4305
1034
3864
36
4360
1361
1190
4507
1690
288
353
3218
1588
5059
4740
2122
1177
2919
4521
384
3346
1478
2933
1584
1505
2285
2335
193
183
2672
1258
3617
3142
700
1858
5115
2424
1346
4410
3706
3378
4941
4974
39
3902
701
4314
2194
2057
2741
1085
3351
4946
4002
1579
389
2720
4901
2011
1364
630
1402
4028
4811
723
2232
3477
4934
4586
1944
2522
522
2593
2362
3940
196
3931
1113
4768
2155
4339
3801
3533
5000
625
2728
1830
1949
4936
3967
1154
2344
3463
663
3904
123
4619
851
3675
636
2431
3022
2146
227
564
690
822
3400
2805
4873
987
4510
892
1136
4191
5040
2037
2196
598
2815
396
2179
2529
2609
2025
4960
2266
3732
2393
3576
2020
2928
2394
2023
2178
3857
3260
740
122
1855
3225
5049
3932
4958
610
4420
4649
1499
565
2585
4742
2426
844
4979
2940
3266
1080
1276
268
4095
3474
4968
3560
4652
2419
3055
4267
2142
109
3389
1798
29
4166
3270
3370
2532
2271
2811
2828
143
2400
281
637
4893
1548
2435
86
3206
2677
1948
1587
3808
3261
4000
2840
3600
4999
2456
3247
2297
85
3510
3696
449
136
3925
4464
1706
243
2527
1079
2683
1737
2401
4215
4437
2245
1292
4567
3050
1003
273
3511
4449
1097
2730
664
4006
738
2073
4461
4093
2311
1260
5046
4348
4242
1784
256
2136
329
3638
1038
325
1091
5011
23
2607
3205
3348
3973
2744
4032
2294
284
1343
2416
4056
3331
4972
3998
2337
2129
4757
2425
1850
3666
627
3472
1732
4923
4145
2053
2545
2648
1883
2878
277
4324
3466
4828
154
378
2845
3325
4924
3708
3958
5029
3866
2464
742
1844
2251
3851
3
1654
4183
2156
4498
4651
1246
1057
2448
4303
1890
5048
887
5004
342
2485
3192
2688
178
895
3837
1446
2085
4722
614
4769
2460
2689
1794
1719
1523
2480
5050
146
847
888
1873
2530
574
3059
1903
4725
2215
2418
4049
3756
1339
2263
1581
214
1220
4949
4465
2115
4290
3674
2859
2101
3926
2923
3935
1765
588
408
369
4003
2350
3683
1030
2567
4520
5071
3954
3368
5095
676
1313
3669
2131
3782
3275
3217
1201
2789
4382
1966
2680
1919
4995
4676
1262
4514
3616
3419
3687
986
3276
518
4443
1965
4504
921
452
2165
4947
4154
4737
1286
3897
1749
1899
507
2963
3149
523
1114
2498
2702
4572
3538
4155
3574
1835
1828
2885
4185
2173
5118
4638
747
2357
555
3980
840
1105
4149
5038
2484
3569
4059
3733
512
4440
4920
4407
362
4354
4746
3595
4004
1494
468
3220
772
3161
4044
4301
2021
5069
3541
4187
163
3502
3133
3561
2009
3891
370
4807
3158
1094
712
2283
2658
233
4518
1169
2601
3074
1170
4340
351
981
992
4630
1194
638
3716
1084
1593
2134
1619
1369
2752
4070
137
3102
2731
3444
794
4734
2250
4142
2563
5024
2342
2035
3783
2882
2966
1015
2986
2573
1892
3744
87
3621
2175
4288
339
2077
3556
2119
3025
3643
721
1519
1975
368
3333
414
3021
3752
4466
3173
2515
2537
4860
3300
1699
925
2277
3654
411
3907
806
2144
2634
4628
3458
4833
2034
4820
1663
5077
2561
4493
2050
4398
1759
1185
4447
1908
1574
537
2006
2471
4862
3043
78
3424
2369
2475
2229
2412
3507
2220
4069
2902
3711
2387
1004
1493
2433
4134
4783
1251
2526
1209
2383
2576
591
3344
441
4817
3624
2575
470
2047
4451
3692
3966
2158
1983
2225
291
4084
2874
3964
1300
1210
860
4914
1572
4829
744
5020
5091
4482
1435
3159
2617
2211
2469
4777
3037
2918
4394
3362
181
1634
976
3755
3810
4326
2619
1864
2117
1183
1751
3049
3372
3713
4875
881
239
1678
4419
3953
2280
3915
4721
753
5073
1954
4800
1996
335
4386
1159
4980
1328
2697
4198
3754
3588
245
1943
3489
107
1112
3942
3583
652
2797
613
186
2760
1524
2048
1656
2657
7
3894
4794
519
4219
255
1912
475
79
5037
2792
839
3305
2610
670
3667
2746
1476
2945
4688
828
4138
4296
5106
2514
360
71
4351
1951
907
4566
1203
1147
2663
4663
4072
3052
3026
3896
4683
111
842
3163
2949
3979
3426
4835
2778
2888
2531
618
3493
3146
2323
658
2321
4584
3740
4998
4673
885
4912
2038
367
4008
2864
5120
635
3438
1096
1637
5082
3081
567
4840
2197
2941
1752
4626
1520
4007
2
1920
974
2625
3523
1800
403
3670
1123
3918
2564
2579
1380
4869
785
4866
4147
4981
2059
2825
5061
3868
2550
2890
1044
2846
3984
778
1273
2299
1744
552
486
2243
4899
2884
307
2071
1618
1829
1525
1611
966
116
3171
3099
1142
4045
30
809
2637
4890
134
3116
3324
1731
1778
3201
3447
532
4089
266
3798
1227
4670
303
3160
2461
4021
2438
4040
651
1405
425
2147
3230
3167
4285
1647
4555
4907
1888
3658
1945
1314
1330
774
2450
4126
506
583
4842
3414
3787
2409
2227
4341
3478
853
3069
3746
20
3660
3422
2503
2716
3794
3241
2980
3633
727
1568
3398
4268
321
1725
3584
3770
269
3618
2292
4891
928
4423
3786
3509
913
1356
592
2290
2759
104
4766
4815
4489
4585
2801
77
1386
1428
157
3501
2207
5103
2867
3815
2329
2374
4809
3268
3872
2198
2548
964
2451
3388
1008
514
320
2482
2694
5100
3182
2817
3405
1377
1743
4335
2597
2390
4932
572
1083
2161
3058
4884
315
75
4404
1700
3929
4442
4845
3485
115
3285
3139
4408
4513
1325
1103
3745
1077
1205
4426
3038
3836
1921
113
3357
1073
3848
308
2219
2977
495
3294
3899
4698
144
1436
2955
1500
3427
2842
3434
4230
812
3996
711
4363
5033
3656
80
2113
984
4868
2258
4228
2871
2302
896
3518
3941
773
2074
2772
1720
955
2182
1228
2809
4047
1906
821
4661
2189
4702
4971
2326
4221
4803
4888
792
1709
971
3014
2705
1628
3304
1271
4598
4601
889
2799
1297
3790
4217
3184
4511
629
1155
653
2070
1598
2408
2708
1101
901
4813
2441
2138
4955
4338
1591
2378
1363
4148
4189
872
3471
1432
3704
93
1259
1552
228
2123
3082
5039
4455
2180
2506
4966
4204
1648
3080
3635
3729
771
3462
3882
649
2061
4677
2148
1894
2043
1193
1388
4399
98
4171
4263
595
2938
1263
1698
2770
1075
2618
1537
1878
2883
4079
4144
2017
546
63
2652
1603
3545
3085
919
3001
1195
1518
2738
4182
2386
4377
3997
930
3952
1050
4587
1840
2782
354
1121
1418
1161
